Scenario: heading 45 deg, speed 10 m/s, range 20 m, bearing 140 deg
v_true=[7.0710678118654755, 7.071067811865475]
v_estimated=[7.0710678118654675, 7.071067811865473]
initial_position=[-15.320888862379558, 12.85575219373079]
initial_los_vs_velocity_angle_deg=95.000000
radial_samples=[-0.8715574274765805, 0.12892248684015417, 1.1255548934602988, 2.089414753983887, 2.9961260422724294]