Rigid-body point scenario
center=[18.0, 24.0], yaw_deg=32.0
speed_mps=10.0, heading_deg=215.0
v_true=[-8.191520442889917, -5.735764363510461]
v_estimated=[-8.191520442889905, -5.7357643635104685]
radial_away=[-9.659929052719257, -9.517177894047704, -9.29384061225199]
radial_towards=[9.659929052719257, 9.517177894047704, 9.29384061225199]