Tutorial velocity estimation overview
true_velocity=[-2.5, 1.1]
estimated_from_radial=[-2.5000000000000666, 1.0999999999998433]
estimated_from_positions=[-2.5, 1.1]
radial_l2_residual=7.458941e-16
condition_number_U=8.350678e+02
panel_D: mean errors for N=[2,3,5,10,20,40]
radial_mean_errors=[4.574950334856669, 1.7581484205952245, 1.114948497305229, 0.6773713263187606, 0.48548549690261894, 0.362717194383622]
position_mean_errors=[0.12993566548910673, 0.1196269332972234, 0.11136107142872605, 0.08818839523717592, 0.06626963638755189, 0.04600478376868299]
fused_mean_errors=[0.10298070306340101, 0.09804568480403113, 0.08763398965652998, 0.06620086225215545, 0.05026314720498213, 0.03301455224881014]